1 0.286228 0.0777036 0.0659542
2 0.286228 0.134514 0.0678793
3 0.286228 0.161886 0.0545411
4 0.310831 0.192219 0.0507652
5 0.310831 0.218453 0.0425781
6 0.310831 0.227304 0.0394445
7 0.647687 0.275424 0.115882
8 0.647687 0.314735 0.122149
9 0.647687 0.351658 0.110449
10 0.704523 0.395263 0.128368
11 0.796534 0.447061 0.148287
12 0.796534 0.511115 0.146858
13 0.796534 0.534344 0.130821
14 0.796534 0.61821 0.0871791
15 0.796534 0.631043 0.0799275
16 0.796534 0.639484 0.0716978
17 0.796534 0.657961 0.0718994
18 0.796534 0.665221 0.0688855
19 0.796534 0.671649 0.0660402
20 0.796534 0.680553 0.0590677
21 0.796534 0.684059 0.0551448
22 0.796534 0.690977 0.0490791
23 0.796534 0.695356 0.0450309
24 0.796534 0.695356 0.0450309
25 0.796534 0.695356 0.0450309
26 0.798485 0.710292 0.0458397
27 0.798485 0.711658 0.0443359
28 0.812951 0.725489 0.0433863
29 0.812951 0.725489 0.0433863
30 0.812951 0.725489 0.0433863
31 0.812951 0.731678 0.0417232
32 0.812951 0.731678 0.0417232
33 0.812951 0.732834 0.0405772
34 0.812951 0.738267 0.0417008
35 0.812951 0.740027 0.0403357
36 0.812951 0.740027 0.0403357
37 0.812951 0.740027 0.0403357
38 0.815669 0.74909 0.0409106
39 0.815669 0.757307 0.0393183
40 0.815669 0.764303 0.0352914
41 0.828861 0.77052 0.0351644
42 0.828861 0.775304 0.0322476
43 0.828861 0.778158 0.0292391
44 0.828861 0.783099 0.024186
45 0.828861 0.78713 0.0225017
46 0.828861 0.78713 0.0225017
47 0.828861 0.78713 0.0225017
48 0.828861 0.788205 0.021095
49 0.896591 0.802086 0.0357892
50 0.896591 0.802086 0.0357892
51 0.896591 0.802086 0.0357892
52 0.896591 0.804801 0.0346386
53 0.896591 0.807874 0.0336513
54 1.01134 0.819946 0.0546309
55 1.01134 0.821279 0.0537111
56 1.01134 0.821279 0.0537111
57 1.01134 0.824079 0.0525613
58 1.01134 0.830555 0.0514317
59 1.01134 0.830555 0.0514317
60 1.01134 0.830555 0.0514317
61 1.01134 0.830555 0.0514317
62 1.01134 0.830555 0.0514317
63 1.01134 0.834072 0.0509978
64 1.01134 0.834072 0.0509978
65 1.01134 0.835234 0.0503906
66 1.01134 0.837707 0.0490891
67 1.01134 0.839093 0.0483451
68 1.01134 0.846644 0.0529849
69 1.01134 0.846644 0.0529849
70 1.01134 0.846644 0.0529849
71 1.01134 0.854881 0.0528407
72 1.01134 0.873899 0.060259
73 1.01134 0.883483 0.0652703
74 1.01134 0.892877 0.068285
75 1.01134 0.898493 0.0644283
76 1.01134 0.904212 0.0602718
77 1.01134 0.912013 0.0546931
78 1.01134 0.912013 0.0546931
79 1.01134 0.915166 0.0525402
80 1.01134 0.918048 0.0505321
81 1.01134 0.91982 0.0489992
82 1.01134 0.926607 0.049757
83 1.01134 0.949291 0.0481794
84 1.01134 0.950036 0.0474225
85 1.01134 0.955819 0.0474945
86 1.01134 0.961556 0.0469208
87 1.01134 0.962506 0.0457911
88 1.01134 0.969664 0.0423971
89 1.01134 0.969664 0.0423971
90 1.01134 0.969664 0.0423971
91 1.01134 0.969664 0.0423971
92 1.01134 0.969664 0.0423971
93 1.01134 0.974048 0.0403312
94 1.04599 0.982348 0.0382405
95 1.04599 0.986733 0.0353431
96 1.04599 0.986733 0.0353431
97 1.11919 0.996761 0.0423557
98 1.11919 1.00439 0.0350915
99 1.11919 1.00439 0.0350915
100 1.11919 1.00758 0.0318819
