1 0.356503 0.0780577 0.0813974
2 0.356503 0.122647 0.0708202
3 0.356503 0.184129 0.07626
4 0.430256 0.21198 0.0831054
5 0.430256 0.241666 0.0805689
6 0.430256 0.26961 0.0787997
7 0.430256 0.295014 0.0755774
8 0.430256 0.297771 0.0726474
9 0.430256 0.314093 0.0652858
10 0.430256 0.325301 0.0542815
11 0.430256 0.335512 0.0507903
12 0.430256 0.336071 0.049955
13 0.430256 0.341314 0.0467725
14 0.430256 0.353767 0.0417458
15 0.457568 0.369989 0.0404363
16 0.457568 0.371046 0.0389745
17 0.457568 0.371983 0.0375779
18 0.457568 0.377726 0.036177
19 0.457568 0.380801 0.0350165
20 0.457568 0.383493 0.0334322
21 0.457568 0.38413 0.0326733
22 0.457568 0.38465 0.0320506
23 0.457568 0.38465 0.0320506
24 0.457568 0.38465 0.0320506
25 0.457568 0.389705 0.0317949
26 0.457568 0.392731 0.029243
27 0.457568 0.39837 0.0255706
28 0.457568 0.39837 0.0255706
29 0.457568 0.406741 0.025352
30 0.457568 0.411219 0.0218407
31 0.457568 0.412066 0.0207068
32 0.457568 0.417888 0.0204841
33 0.457568 0.417888 0.0204841
34 0.465769 0.423534 0.0209906
35 0.465769 0.423534 0.0209906
36 0.465769 0.430128 0.0187962
37 0.465769 0.430128 0.0187962
38 0.465769 0.430128 0.0187962
39 0.465769 0.430128 0.0187962
40 0.465769 0.432207 0.0183902
41 0.465769 0.432207 0.0183902
42 0.465769 0.432207 0.0183902
43 0.465769 0.432207 0.0183902
44 0.465769 0.432207 0.0183902
45 0.465769 0.432207 0.0183902
46 0.465769 0.432207 0.0183902
47 0.465769 0.433664 0.0174456
48 0.465769 0.433664 0.0174456
49 0.465769 0.434094 0.0168859
50 0.465769 0.437502 0.0148585
51 0.479525 0.442149 0.0159688
52 0.479525 0.443029 0.0150718
53 0.479525 0.444918 0.0143936
54 0.479525 0.444918 0.0143936
55 0.479525 0.445504 0.0139472
56 0.479525 0.446119 0.0134722
57 0.479525 0.446119 0.0134722
58 0.479525 0.446119 0.0134722
59 0.479525 0.446119 0.0134722
60 0.479525 0.447515 0.0131998
61 0.479525 0.447515 0.0131998
62 0.479525 0.447862 0.0128277
63 0.479525 0.450319 0.0115218
64 0.479525 0.450319 0.0115218
65 0.479525 0.450319 0.0115218
66 0.479525 0.450319 0.0115218
67 0.479525 0.450319 0.0115218
68 0.479525 0.450319 0.0115218
69 0.479525 0.45097 0.0110013
70 0.479525 0.45097 0.0110013
71 0.479525 0.45097 0.0110013
72 0.479525 0.45097 0.0110013
73 0.479525 0.45097 0.0110013
74 0.479525 0.45097 0.0110013
75 0.479525 0.45097 0.0110013
76 0.479525 0.453052 0.00983358
77 0.479525 0.453052 0.00983358
78 0.479525 0.455233 0.0105961
79 0.479525 0.455868 0.00984991
80 0.479525 0.456732 0.00918161
81 0.479525 0.456732 0.00918161
82 0.479525 0.458043 0.0081998
83 0.479525 0.458043 0.0081998
84 0.479525 0.458043 0.0081998
85 0.479525 0.458043 0.0081998
86 0.479525 0.458043 0.0081998
87 0.479525 0.458043 0.0081998
88 0.479525 0.458043 0.0081998
89 0.479525 0.458043 0.0081998
90 0.479525 0.458043 0.0081998
91 0.479525 0.458043 0.0081998
92 0.479525 0.458043 0.0081998
93 0.479525 0.461008 0.00850007
94 0.479525 0.461071 0.00842101
95 0.479525 0.461071 0.00842101
96 0.479525 0.461071 0.00842101
97 0.479525 0.461071 0.00842101
98 0.479525 0.461071 0.00842101
99 0.479525 0.461071 0.00842101
100 0.479525 0.461071 0.00842101
