1 0.199338 0.0680623 0.0656676
2 0.225187 0.110649 0.058906
3 0.225187 0.138787 0.0490415
4 0.226185 0.157504 0.040449
5 0.226185 0.173056 0.0320239
6 0.226185 0.182762 0.0247981
7 0.391383 0.199939 0.0492863
8 0.391383 0.221324 0.0566638
9 0.447055 0.260803 0.0774623
10 0.447055 0.271549 0.0733961
11 0.447055 0.290836 0.0752963
12 0.478593 0.328523 0.0707916
13 0.478593 0.337401 0.0628265
14 0.478593 0.355734 0.0534175
15 0.478593 0.361692 0.0495194
16 0.478593 0.37444 0.0513646
17 0.478593 0.375742 0.0500904
18 0.478593 0.383715 0.0449127
19 0.478593 0.383715 0.0449127
20 0.478593 0.3868 0.0419454
21 0.478593 0.388304 0.0405015
22 0.478593 0.389084 0.039655
23 0.504931 0.399705 0.0435787
24 0.504931 0.403883 0.0406327
25 0.504931 0.404173 0.0402871
26 0.504931 0.406452 0.0385944
27 0.504931 0.406452 0.0385944
28 0.504931 0.408467 0.0373045
29 0.557176 0.420598 0.0466594
30 0.557176 0.424306 0.0453499
31 0.557176 0.426187 0.0439116
32 0.558947 0.441872 0.0503618
33 0.558947 0.44292 0.0495648
34 0.558947 0.44292 0.0495648
35 0.558947 0.443073 0.0494178
36 0.558947 0.448623 0.0469017
37 0.558947 0.449974 0.0457966
38 0.558947 0.458896 0.0426056
39 0.558947 0.465658 0.0423981
40 0.558947 0.465658 0.0423981
41 0.558947 0.469605 0.0404423
42 0.558947 0.475646 0.0405993
43 0.668958 0.487848 0.0569141
44 0.668958 0.490905 0.0547589
45 0.668958 0.490905 0.0547589
46 0.668958 0.490905 0.0547589
47 0.668958 0.492472 0.0536278
48 0.668958 0.495405 0.0515122
49 0.668958 0.502653 0.0527199
50 0.668958 0.502653 0.0527199
51 0.678197 0.535681 0.0608839
52 0.689485 0.561784 0.0647688
53 0.689485 0.565221 0.0615193
54 0.689485 0.573388 0.06186
55 0.689485 0.57785 0.0591705
56 0.689485 0.601832 0.0522652
57 0.689485 0.608875 0.0508295
58 0.696524 0.63616 0.0400288
59 0.754966 0.647076 0.0424788
60 0.754966 0.654523 0.0369415
61 0.754966 0.662085 0.0371598
62 0.754966 0.6646 0.0347116
63 0.787014 0.686232 0.0428872
64 0.787014 0.694179 0.0406584
65 0.787014 0.71065 0.0438053
66 0.787014 0.713964 0.0409953
67 0.787014 0.719508 0.0378607
68 0.787014 0.719628 0.0377332
69 0.900524 0.739337 0.0582596
70 0.900524 0.754276 0.0633123
71 0.900524 0.77154 0.0660511
72 0.913326 0.788478 0.064915
73 0.913326 0.795494 0.0587078
74 0.913326 0.807832 0.0546977
75 0.913326 0.814834 0.0553276
76 0.913326 0.828334 0.0543518
77 0.954949 0.842025 0.0550958
78 0.962108 0.865532 0.0526196
79 1.00244 0.890454 0.0464312
80 1.00244 0.903436 0.0346264
81 1.00244 0.910439 0.0382001
82 1.00244 0.910439 0.0382001
83 1.00244 0.914839 0.0358805
84 1.00244 0.920352 0.0356228
85 1.0285 0.935006 0.0407611
86 1.0285 0.935439 0.040285
87 1.0285 0.935439 0.040285
88 1.0285 0.93808 0.0388881
89 1.0285 0.94109 0.0374322
90 1.0285 0.947373 0.0382354
91 1.0285 0.949675 0.0367007
92 1.0285 0.949675 0.0367007
93 1.03767 0.960163 0.0383947
94 1.03767 0.972999 0.0353415
95 1.03767 0.977188 0.0329803
96 1.03767 0.978027 0.0318098
97 1.03767 0.984476 0.029387
98 1.03767 0.988062 0.0281931
99 1.03767 0.988062 0.0281931
100 1.03767 0.988062 0.0281931
