1 0.286228 0.0777036 0.0659542
2 0.286228 0.113558 0.0612973
3 0.286228 0.147636 0.0521655
4 0.286228 0.193571 0.0436229
5 0.314973 0.229727 0.0403347
6 0.867766 0.280868 0.140848
7 0.867766 0.29732 0.13822
8 0.867766 0.331525 0.144221
9 0.867766 0.344919 0.139656
10 0.867766 0.359969 0.134815
11 0.867766 0.395383 0.136747
12 0.867766 0.422208 0.139077
13 0.867766 0.490277 0.159563
14 0.867766 0.538429 0.141353
15 0.867766 0.555421 0.128248
16 0.867766 0.614558 0.120377
17 0.867766 0.63012 0.105653
18 0.867766 0.634614 0.102642
19 0.867766 0.638554 0.0997917
20 0.867766 0.682012 0.105929
21 0.867766 0.711997 0.0983196
22 0.867766 0.718508 0.0933386
23 0.867766 0.726725 0.0857436
24 0.867766 0.735169 0.0781283
25 0.867766 0.735169 0.0781283
26 0.867766 0.750896 0.071146
27 0.954609 0.77444 0.0770602
28 0.954609 0.77444 0.0770602
29 0.954609 0.792605 0.0653184
30 0.954609 0.811115 0.0545861
31 1.02527 0.830121 0.0633657
32 1.02527 0.831036 0.0620121
33 1.02527 0.834137 0.0592192
34 1.02527 0.838245 0.0573483
35 1.02527 0.841323 0.0551919
36 1.02527 0.841323 0.0551919
37 1.02527 0.845021 0.053681
38 1.02527 0.846055 0.0527702
39 1.02527 0.846055 0.0527702
40 1.02527 0.846055 0.0527702
41 1.02527 0.850645 0.0529588
42 1.02527 0.850645 0.0529588
43 1.03853 0.862281 0.065831
44 1.03853 0.862281 0.065831
45 1.03853 0.862281 0.065831
46 1.03853 0.869775 0.0639228
47 1.09361 0.887912 0.0770957
48 1.09361 0.888006 0.0770077
49 1.09361 0.894805 0.0764401
50 1.09361 0.900396 0.0736648
51 1.09361 0.900396 0.0736648
52 1.09361 0.900396 0.0736648
53 1.09361 0.904855 0.0719783
54 1.09361 0.921507 0.0698277
55 1.09361 0.927609 0.0686998
56 1.09361 0.927609 0.0686998
57 1.09361 0.933326 0.0648061
58 1.09361 0.934852 0.0633553
59 1.09361 0.934852 0.0633553
60 1.09361 0.934852 0.0633553
61 1.09361 0.934852 0.0633553
62 1.09361 0.937327 0.0612468
63 1.09361 0.941644 0.0586295
64 1.09361 0.947439 0.056738
65 1.09361 0.947439 0.056738
66 1.09361 0.949801 0.0551944
67 1.09361 0.957732 0.057619
68 1.09361 0.959476 0.0561625
69 1.09361 0.96088 0.0547501
70 1.09361 0.966636 0.0548176
71 1.09361 0.966636 0.0548176
72 1.09361 0.968599 0.0533578
73 1.09361 0.974393 0.0527262
74 1.19246 1.00355 0.0695841
75 1.19246 1.01652 0.0772422
76 1.19246 1.01652 0.0772422
77 1.19246 1.01836 0.0754905
78 1.19246 1.02415 0.0727705
79 1.19246 1.03261 0.0718207
80 1.19246 1.03442 0.0700625
81 1.19246 1.03442 0.0700625
82 1.19246 1.04501 0.0694139
83 1.19246 1.05387 0.0613925
84 1.19246 1.05536 0.0598531
85 1.19246 1.05628 0.058909
86 1.19246 1.05628 0.058909
87 1.19246 1.05643 0.0587544
88 1.19246 1.0579 0.0575263
89 1.19246 1.06454 0.0552423
90 1.19246 1.0717 0.0569992
91 1.19246 1.08584 0.0598405
92 1.19246 1.08584 0.0598405
93 1.19246 1.08584 0.0598405
94 1.19246 1.08708 0.0587418
95 1.19246 1.08708 0.0587418
96 1.19246 1.09179 0.0570878
97 1.19246 1.11252 0.0549177
98 1.19246 1.11911 0.0525734
99 1.19246 1.11911 0.0525734
100 1.26146 1.13704 0.0508928
