1 0.199338 0.0680623 0.0656676
2 0.240716 0.119916 0.0582067
3 0.422856 0.173875 0.0730069
4 0.422856 0.206925 0.0797611
5 0.422856 0.254477 0.0787487
6 0.502849 0.323017 0.0761804
7 0.502849 0.374569 0.0548464
8 0.577504 0.412504 0.0642486
9 0.577504 0.432683 0.0563151
10 0.577504 0.463376 0.0577002
11 0.577504 0.475416 0.0523599
12 0.587925 0.489325 0.0514625
13 0.587925 0.498735 0.045682
14 0.587925 0.505566 0.0402141
15 0.587925 0.508342 0.0380293
16 0.587925 0.515548 0.0368854
17 0.587925 0.523968 0.0331777
18 0.587925 0.533031 0.0289143
19 0.587925 0.535957 0.0257726
20 0.595381 0.547102 0.0266069
21 0.817769 0.569366 0.0624929
22 0.817769 0.598446 0.0738703
23 0.817769 0.610817 0.0724736
24 0.817769 0.612623 0.0711742
25 0.817769 0.63671 0.0740713
26 0.890037 0.655666 0.0885111
27 0.890037 0.680146 0.0890678
28 0.890037 0.690112 0.0854669
29 0.919865 0.716051 0.093906
30 0.919865 0.753804 0.0871262
31 1.06087 0.777687 0.102757
32 1.06087 0.79428 0.0954534
33 1.06087 0.808089 0.0852359
34 1.11243 0.851466 0.0950507
35 1.12535 0.882645 0.102134
36 1.12535 0.907006 0.0967175
37 1.12535 0.923575 0.0872388
38 1.12535 0.930673 0.0819436
39 1.12535 0.942403 0.07574
40 1.12535 0.942403 0.07574
41 1.12535 0.964151 0.0733143
42 1.12535 0.969602 0.0704706
43 1.12535 0.982789 0.0722221
44 1.12535 0.982789 0.0722221
45 1.18406 0.996887 0.0819698
46 1.18406 1.00825 0.0792715
47 1.18406 1.04139 0.0712706
48 1.18406 1.04139 0.0712706
49 1.18406 1.04443 0.0676097
50 1.31744 1.07235 0.0809918
51 1.31744 1.08854 0.0733866
52 1.31744 1.09088 0.0707841
53 1.31744 1.0926 0.0690741
54 1.31744 1.1109 0.0697663
55 1.31744 1.1109 0.0697663
56 1.31744 1.1109 0.0697663
57 1.31744 1.1109 0.0697663
58 1.31744 1.1109 0.0697663
59 1.31744 1.1109 0.0697663
60 1.31744 1.11134 0.0692995
61 1.31744 1.11134 0.0692995
62 1.31744 1.11134 0.0692995
63 1.31744 1.11252 0.068155
64 1.31744 1.1171 0.0659143
65 1.31744 1.1171 0.0659143
66 1.31744 1.1295 0.0725362
67 1.31744 1.13114 0.0708471
68 1.31744 1.14121 0.0723481
69 1.31744 1.1474 0.0705334
70 1.31744 1.1474 0.0705334
71 1.31744 1.1485 0.0695322
72 1.31744 1.16224 0.0636727
73 1.31744 1.16798 0.0625065
74 1.31744 1.1792 0.0616004
75 1.31744 1.18294 0.0581662
76 1.31744 1.1857 0.0560252
77 1.31744 1.19162 0.0549638
78 1.31744 1.20235 0.0514925
79 1.33946 1.21873 0.0521704
80 1.33946 1.21873 0.0521704
81 1.33946 1.23304 0.0484813
82 1.33946 1.23304 0.0484813
83 1.33946 1.23304 0.0484813
84 1.33946 1.23304 0.0484813
85 1.33946 1.23304 0.0484813
86 1.33946 1.23344 0.0479692
87 1.33946 1.23344 0.0479692
88 1.33946 1.23344 0.0479692
89 1.33946 1.23391 0.0473589
90 1.33946 1.23391 0.0473589
91 1.33946 1.23391 0.0473589
92 1.33946 1.23391 0.0473589
93 1.33946 1.23391 0.0473589
94 1.33946 1.23591 0.0453484
95 1.33946 1.24294 0.0408708
96 1.33946 1.24294 0.0408708
97 1.33946 1.24294 0.0408708
98 1.33946 1.25043 0.0430619
99 1.33946 1.25043 0.0430619
100 1.33946 1.25307 0.0404546
