1 0.286228 0.0777036 0.0659542
2 0.286228 0.122613 0.0630087
3 0.332162 0.178657 0.070614
4 0.332162 0.203657 0.0668485
5 0.332162 0.224557 0.0625405
6 0.389629 0.259882 0.0647861
7 0.587907 0.294442 0.0837641
8 0.587907 0.332806 0.0892858
9 0.587907 0.353962 0.0889613
10 0.587907 0.354188 0.0887564
11 0.587907 0.36632 0.0924368
12 0.587907 0.390131 0.0974107
13 0.587907 0.43322 0.0862184
14 0.727068 0.477575 0.0996537
15 0.727068 0.502895 0.0831569
16 0.727068 0.515879 0.0717479
17 0.727068 0.534175 0.0685221
18 0.727068 0.544656 0.0629361
19 0.727068 0.572921 0.0694591
20 0.727068 0.577731 0.0650108
21 0.727068 0.589876 0.0564994
22 0.727068 0.605744 0.0529762
23 0.727068 0.620613 0.0463181
24 0.727068 0.621254 0.0454682
25 0.727068 0.624458 0.0435736
26 0.727068 0.630627 0.0395287
27 0.727068 0.631212 0.0389751
28 0.727068 0.647428 0.0393158
29 0.755423 0.655895 0.0432899
30 0.755423 0.667659 0.039802
31 0.755423 0.681563 0.0392823
32 0.755423 0.684021 0.0373816
33 0.755423 0.700532 0.0310233
34 0.784089 0.712455 0.0332155
35 0.784089 0.724822 0.0307259
36 0.78461 0.732968 0.0297358
37 0.78461 0.735836 0.0271473
38 0.78461 0.737179 0.0256435
39 0.78461 0.738295 0.0245467
40 0.78461 0.738295 0.0245467
41 0.78461 0.741986 0.0215523
42 0.912794 0.774055 0.0481262
43 0.912794 0.774192 0.0480187
44 0.922169 0.796148 0.0610945
45 0.922169 0.818033 0.0618153
46 0.922169 0.850258 0.0525541
47 1.05076 0.878501 0.0569656
48 1.05076 0.88425 0.0520129
49 1.05076 0.891478 0.0465906
50 1.05076 0.895582 0.0443098
51 1.05076 0.895582 0.0443098
52 1.05076 0.904707 0.051051
53 1.05076 0.914349 0.0528766
54 1.05076 0.920945 0.0487343
55 1.05076 0.922758 0.0476078
56 1.05076 0.922758 0.0476078
57 1.05076 0.923761 0.0467871
58 1.05076 0.934031 0.0457691
59 1.05076 0.937423 0.0451915
60 1.05818 0.94678 0.0502934
61 1.05818 0.94678 0.0502934
62 1.05818 0.948983 0.0486581
63 1.05818 0.956966 0.0489583
64 1.05818 0.963437 0.0498837
65 1.08035 0.977972 0.0525994
66 1.09233 0.98648 0.0565019
67 1.09233 0.98648 0.0565019
68 1.09233 0.98648 0.0565019
69 1.09233 0.98648 0.0565019
70 1.09233 0.996876 0.0566646
71 1.09233 0.997931 0.0554467
72 1.09233 1.01976 0.0528339
73 1.09233 1.02175 0.0503949
74 1.09233 1.0299 0.0446499
75 1.09233 1.0299 0.0446499
76 1.09233 1.0299 0.0446499
77 1.09839 1.03672 0.0441635
78 1.09839 1.04009 0.0397008
79 1.09839 1.04574 0.0347511
80 1.09839 1.04818 0.0327012
81 1.09839 1.04818 0.0327012
82 1.09839 1.04818 0.0327012
83 1.09839 1.05045 0.0305075
84 1.09839 1.05252 0.0286518
85 1.09839 1.05252 0.0286518
86 1.13736 1.0647 0.028241
87 1.13736 1.0647 0.028241
88 1.13736 1.06734 0.0269958
89 1.13736 1.0701 0.0255064
90 1.13736 1.07249 0.0230909
91 1.13736 1.07498 0.0222817
92 1.13736 1.07498 0.0222817
93 1.13736 1.07498 0.0222817
94 1.13736 1.07728 0.0212153
95 1.13736 1.07904 0.0193337
96 1.13736 1.07904 0.0193337
97 1.13736 1.07904 0.0193337
98 1.13736 1.08189 0.0191671
99 1.13736 1.08352 0.0184519
100 1.13736 1.08586 0.0180574
