1 0.647762 0.0926207 0.136985
2 0.647762 0.164995 0.137914
3 0.647762 0.223473 0.12782
4 0.647762 0.278843 0.133498
5 0.647762 0.326857 0.13838
6 0.647762 0.3698 0.14133
7 0.899506 0.404439 0.177684
8 0.899506 0.440307 0.164826
9 0.899506 0.502994 0.141237
10 0.899506 0.576218 0.141093
11 0.961532 0.613117 0.148021
12 0.961532 0.639167 0.130494
13 0.961532 0.652035 0.126088
14 1.2675 0.69054 0.179332
15 1.2675 0.777781 0.200498
16 1.2675 0.783377 0.196569
17 1.2675 0.896627 0.238328
18 1.2675 0.924156 0.222193
19 1.2675 0.9472 0.206836
20 1.2675 0.954534 0.19837
21 1.2675 0.969428 0.18999
22 1.2675 0.999393 0.168381
23 1.2675 0.999393 0.168381
24 1.2675 1.02428 0.16939
25 1.2675 1.05131 0.164359
26 1.2675 1.06827 0.151324
27 1.2675 1.0876 0.150849
28 1.2675 1.09454 0.145063
29 1.2675 1.09454 0.145063
30 1.2675 1.12934 0.140431
31 1.2675 1.12934 0.140431
32 1.2675 1.14088 0.134843
33 1.2675 1.14088 0.134843
34 1.2675 1.14935 0.12828
35 1.2675 1.14935 0.12828
36 1.2675 1.14935 0.12828
37 1.2675 1.16453 0.123309
38 1.2675 1.16744 0.119196
39 1.2675 1.18232 0.111954
40 1.2675 1.18232 0.111954
41 1.2675 1.18232 0.111954
42 1.2675 1.2002 0.0981
43 1.2675 1.2002 0.0981
44 1.2675 1.2002 0.0981
45 1.2675 1.2002 0.0981
46 1.2675 1.2002 0.0981
47 1.2675 1.20411 0.0914432
48 1.2675 1.21916 0.0718906
49 1.2675 1.22912 0.0636374
50 1.2675 1.22912 0.0636374
51 1.58453 1.26354 0.0841671
52 1.58453 1.27568 0.0752845
53 1.58453 1.27987 0.0723323
54 1.58453 1.27987 0.0723323
55 1.58453 1.27987 0.0723323
56 1.58453 1.27987 0.0723323
57 1.58453 1.27987 0.0723323
58 1.58453 1.27987 0.0723323
59 1.58453 1.29573 0.0834757
60 1.58453 1.29573 0.0834757
61 1.58453 1.29573 0.0834757
62 1.58453 1.29573 0.0834757
63 1.58453 1.29573 0.0834757
64 1.58453 1.29573 0.0834757
65 1.58453 1.29573 0.0834757
66 1.58453 1.29573 0.0834757
67 1.58453 1.29681 0.0832432
68 1.58453 1.30379 0.0862947
69 1.58453 1.30379 0.0862947
70 1.58453 1.30379 0.0862947
71 1.58453 1.31548 0.0958772
72 1.58453 1.31548 0.0958772
73 1.58453 1.31548 0.0958772
74 1.58453 1.31548 0.0958772
75 1.58453 1.31548 0.0958772
76 1.58453 1.31548 0.0958772
77 1.58453 1.31548 0.0958772
78 1.58453 1.31548 0.0958772
79 1.58453 1.31548 0.0958772
80 1.58453 1.31548 0.0958772
81 1.58453 1.31548 0.0958772
82 1.58453 1.31548 0.0958772
83 1.58453 1.3178 0.0950106
84 1.58453 1.32694 0.0958495
85 1.58453 1.33064 0.0944671
86 1.58453 1.33064 0.0944671
87 1.58453 1.33064 0.0944671
88 1.58453 1.33064 0.0944671
89 1.58453 1.33064 0.0944671
90 1.58453 1.33064 0.0944671
91 1.58453 1.33064 0.0944671
92 1.58453 1.33064 0.0944671
