1 0.286228 0.0777036 0.0659542
2 0.286228 0.122144 0.0601363
3 0.329374 0.171696 0.0634003
4 0.329374 0.204472 0.0581606
5 0.506666 0.261479 0.0788731
6 0.722522 0.321617 0.123868
7 0.722522 0.336457 0.121825
8 0.722522 0.356344 0.114307
9 0.722522 0.406538 0.119452
10 0.722522 0.438425 0.13057
11 0.722522 0.479648 0.12424
12 0.722522 0.520923 0.111211
13 0.722522 0.552692 0.0881019
14 0.722522 0.570364 0.0677314
15 0.722522 0.589796 0.0590912
16 0.722522 0.610478 0.0528402
17 0.722522 0.628453 0.046792
18 0.722522 0.636509 0.0394371
19 0.722522 0.650905 0.0362892
20 0.729357 0.659207 0.0376462
21 0.77429 0.679769 0.0451874
22 0.793626 0.701107 0.0489991
23 0.793626 0.704097 0.0465209
24 0.799715 0.718085 0.0446116
25 0.799715 0.722876 0.0423499
26 0.799715 0.722876 0.0423499
27 0.799715 0.723886 0.0409627
28 0.799715 0.723886 0.0409627
29 0.813125 0.751737 0.036518
30 0.855635 0.765202 0.0380444
31 0.855635 0.777669 0.0333499
32 0.855635 0.785088 0.0294491
33 0.855635 0.790794 0.024669
34 0.855635 0.796723 0.0202433
35 0.855635 0.798292 0.0190575
36 0.87914 0.803781 0.0248604
37 0.87914 0.817576 0.0272928
38 0.87914 0.818415 0.0266759
39 0.87914 0.820852 0.0257122
40 0.87914 0.82407 0.0250665
41 0.87914 0.832242 0.0249885
42 0.87998 0.842866 0.0245925
43 0.87998 0.848378 0.0236812
44 0.87998 0.849672 0.0226132
45 0.886777 0.855722 0.0196012
46 0.886777 0.856671 0.0185368
47 0.886777 0.858895 0.0169553
48 0.886777 0.863231 0.0157519
49 0.886777 0.864472 0.0149742
50 0.886777 0.866669 0.0148626
51 0.886777 0.866703 0.0148104
52 0.88759 0.870677 0.0134103
53 0.88759 0.870677 0.0134103
54 0.88759 0.876215 0.00842662
55 0.88759 0.876215 0.00842662
56 0.88759 0.877667 0.00776438
57 0.88759 0.879443 0.00689943
58 0.90561 0.881392 0.00835696
59 0.90561 0.882819 0.00719439
60 0.927607 0.887271 0.0110055
61 0.927607 0.888834 0.0118665
62 0.927607 0.892516 0.0143173
63 0.927607 0.892516 0.0143173
64 0.927607 0.892898 0.0140549
65 0.927607 0.892898 0.0140549
66 0.927607 0.892898 0.0140549
67 0.927607 0.894045 0.0138183
68 0.927607 0.895368 0.0135943
69 0.932615 0.898 0.015343
70 0.932615 0.898 0.015343
71 0.945065 0.902532 0.0177745
72 0.945065 0.903631 0.0174428
73 0.945065 0.906545 0.0191676
74 0.945065 0.906545 0.0191676
75 0.945065 0.908587 0.0191278
76 0.945065 0.911542 0.0199537
77 0.945065 0.911877 0.0196019
78 0.945065 0.913027 0.0188017
79 0.945065 0.913027 0.0188017
80 0.945065 0.915788 0.0170563
81 0.945065 0.915788 0.0170563
82 0.945065 0.915788 0.0170563
83 0.945065 0.916914 0.0157968
84 0.945065 0.918572 0.0151079
85 0.945065 0.919264 0.014339
86 0.945065 0.919264 0.014339
87 0.945065 0.920175 0.0137861
88 0.945065 0.920355 0.0135998
89 0.945065 0.922074 0.0137947
90 0.945065 0.925627 0.0129418
91 0.94978 0.927678 0.0133501
92 0.94978 0.927678 0.0133501
93 0.957529 0.930116 0.0141044
94 0.957529 0.931895 0.0136269
95 0.957529 0.934272 0.0137442
96 0.957529 0.936293 0.0130698
97 0.957529 0.936293 0.0130698
98 0.969766 0.940462 0.0129969
99 0.969766 0.940462 0.0129969
100 0.969766 0.940462 0.0129969
