1 0.382417 0.125714 0.104521
2 0.382417 0.22637 0.0891327
3 0.382417 0.259197 0.0731328
4 0.389697 0.284528 0.0665683
5 0.389697 0.311247 0.0557742
6 0.389697 0.342447 0.0262563
7 0.389697 0.342998 0.0254468
8 0.503389 0.359666 0.0409254
9 0.537782 0.384728 0.0554109
10 0.827152 0.428035 0.108241
11 0.827152 0.448666 0.101471
12 0.827152 0.461686 0.0997534
13 0.827152 0.492656 0.0954048
14 0.827152 0.498214 0.0912317
15 0.827152 0.523662 0.0909982
16 0.827152 0.547188 0.0928201
17 0.827152 0.550015 0.0898836
18 0.827152 0.572065 0.0839889
19 0.827152 0.57836 0.0809236
20 0.827152 0.57836 0.0809236
21 0.827152 0.57836 0.0809236
22 1.44734 0.634491 0.200507
23 1.80705 0.699854 0.322132
24 1.80705 0.837699 0.403965
25 1.80705 1.01072 0.445012
26 1.80705 1.14342 0.386703
27 1.80705 1.33884 0.321306
28 1.80705 1.47688 0.2328
29 1.80705 1.54006 0.206494
30 1.87651 1.62076 0.150104
31 1.87651 1.66254 0.136452
32 1.87651 1.70254 0.114403
33 2.23249 1.77138 0.129907
34 2.23249 1.83323 0.122666
35 2.23249 1.84351 0.116709
36 2.23249 1.84351 0.116709
37 2.23249 1.84654 0.114925
38 2.36423 1.88241 0.157266
39 2.36423 1.88509 0.155712
40 2.36423 1.92639 0.183945
41 2.36423 1.94001 0.184692
42 2.36423 1.94135 0.183821
43 2.36423 1.95124 0.179167
44 2.44898 1.99965 0.204268
45 2.44898 2.00494 0.199915
46 2.44898 2.03862 0.213666
47 2.44898 2.03942 0.212922
48 2.44898 2.05338 0.205194
49 2.44898 2.11231 0.20179
50 2.44898 2.13529 0.18641
51 2.44898 2.17376 0.171846
52 2.44898 2.19184 0.155134
53 2.50284 2.25424 0.143637
54 2.50284 2.26898 0.135818
55 2.50284 2.26898 0.135818
56 2.50284 2.26898 0.135818
57 2.50284 2.28211 0.119482
58 2.50284 2.28211 0.119482
59 2.57456 2.30697 0.126769
60 2.57456 2.30697 0.126769
61 2.57456 2.33047 0.114905
62 2.59241 2.35542 0.116932
63 2.71984 2.39926 0.116922
64 2.71984 2.4102 0.110887
65 2.71984 2.44159 0.102665
66 2.71984 2.44159 0.102665
67 2.71984 2.44159 0.102665
68 2.71984 2.44159 0.102665
69 2.71984 2.44159 0.102665
70 2.71984 2.44363 0.100552
71 2.71984 2.44363 0.100552
72 2.71984 2.47506 0.0902135
73 2.83186 2.49844 0.115512
74 2.83301 2.53514 0.130247
75 2.83301 2.54038 0.12506
76 2.83301 2.54898 0.121475
77 2.83301 2.5655 0.124232
78 2.83301 2.57298 0.120722
79 2.83301 2.58218 0.115265
80 2.83301 2.58523 0.112534
81 2.83301 2.58679 0.110951
82 2.83301 2.58946 0.108583
83 2.83301 2.61027 0.10524
84 2.83301 2.61027 0.10524
85 2.83301 2.61152 0.103808
86 2.83301 2.62258 0.100339
87 2.83301 2.62723 0.0968097
88 2.83301 2.62723 0.0968097
89 2.83301 2.62723 0.0968097
90 2.83301 2.63562 0.0937151
91 2.83301 2.66656 0.0834569
92 2.83301 2.66656 0.0834569
93 2.83301 2.66865 0.0812344
94 2.83301 2.66865 0.0812344
95 3.01643 2.69094 0.108027
96 3.01643 2.69833 0.10482
97 3.01643 2.71895 0.118979
98 3.01643 2.71895 0.118979
99 3.01643 2.72483 0.115134
100 3.01643 2.72483 0.115134
