1 0.286228 0.0777036 0.0659542
2 0.286228 0.140305 0.0590949
3 0.286228 0.162465 0.0500837
4 0.646352 0.216968 0.125656
5 0.646352 0.240985 0.122782
6 0.646352 0.252412 0.11948
7 0.646352 0.319812 0.12845
8 0.646352 0.389726 0.133733
9 0.67684 0.487231 0.125424
10 0.74078 0.55078 0.093683
11 0.769391 0.609667 0.0782173
12 0.769391 0.626171 0.0654388
13 0.769391 0.647464 0.061912
14 0.930927 0.681627 0.0952557
15 0.930927 0.686629 0.0926954
16 0.930927 0.686629 0.0926954
17 0.930927 0.688391 0.0911639
18 0.930927 0.711365 0.0997958
19 0.930927 0.742078 0.0945903
20 0.930927 0.753225 0.0869792
21 1.02518 0.787022 0.102308
22 1.10357 0.845076 0.123536
23 1.10357 0.88232 0.120359
24 1.10784 0.915795 0.114343
25 1.10784 0.956738 0.096101
26 1.20538 0.992081 0.0977872
27 1.20538 0.992081 0.0977872
28 1.20538 1.00237 0.095643
29 1.20538 1.0079 0.0912285
30 1.20538 1.02733 0.090196
31 1.20538 1.02733 0.090196
32 1.20538 1.03531 0.087145
33 1.20538 1.04186 0.0811561
34 1.20538 1.04761 0.0770633
35 1.20538 1.05316 0.072311
36 1.20538 1.06437 0.0638418
37 1.20538 1.06437 0.0638418
38 1.20538 1.06437 0.0638418
39 1.20538 1.06564 0.0619226
40 1.20538 1.07201 0.0588801
41 1.20538 1.07255 0.0581052
42 1.20538 1.07255 0.0581052
43 1.20538 1.08298 0.060275
44 1.20538 1.08349 0.0594957
45 1.20538 1.09783 0.0543502
46 1.20538 1.10126 0.0512535
47 1.20538 1.10126 0.0512535
48 1.20538 1.10126 0.0512535
49 1.20538 1.10322 0.0489072
50 1.20538 1.10752 0.0456003
51 1.20538 1.11058 0.0434197
52 1.20538 1.11058 0.0434197
53 1.20538 1.11246 0.0419165
54 1.20538 1.12145 0.0433077
55 1.20538 1.13033 0.0427802
56 1.20538 1.1331 0.0415422
57 1.20538 1.14004 0.0407151
58 1.20729 1.14732 0.0408003
59 1.20729 1.14796 0.0401977
60 1.20729 1.14928 0.0391386
61 1.20729 1.15808 0.036743
62 1.20729 1.15808 0.036743
63 1.20729 1.15808 0.036743
64 1.20729 1.15984 0.0351032
65 1.20729 1.16665 0.0298024
66 1.20729 1.16665 0.0298024
67 1.20729 1.16665 0.0298024
68 1.20729 1.16665 0.0298024
69 1.20729 1.16665 0.0298024
70 1.21552 1.17531 0.0271534
71 1.32373 1.19435 0.0471913
72 1.32373 1.19435 0.0471913
73 1.32373 1.19723 0.0453111
74 1.32373 1.19723 0.0453111
75 1.32373 1.19723 0.0453111
76 1.32373 1.19723 0.0453111
77 1.32373 1.20449 0.0429283
78 1.32373 1.21052 0.0416191
79 1.32373 1.21052 0.0416191
80 1.32373 1.21052 0.0416191
81 1.32373 1.21052 0.0416191
82 1.32373 1.21052 0.0416191
83 1.32373 1.21052 0.0416191
84 1.32373 1.21052 0.0416191
85 1.32373 1.21563 0.0425316
86 1.32373 1.21585 0.0423353
87 1.32373 1.21906 0.0415736
88 1.32373 1.21906 0.0415736
89 1.32373 1.21906 0.0415736
90 1.32373 1.21906 0.0415736
91 1.32373 1.2259 0.0452952
92 1.32581 1.23321 0.0488869
93 1.32581 1.23321 0.0488869
94 1.32581 1.24565 0.0469604
95 1.32581 1.24761 0.0455787
96 1.32581 1.25098 0.0439846
97 1.32581 1.25183 0.0430422
98 1.32581 1.25677 0.0397638
99 1.32581 1.25677 0.0397638
100 1.32581 1.2576 0.0388445
